Multiple size <= 100
TEST 1 ARG:36 38 53 50 87 76 34 89 47 69 78 96 62 98 45 5 65 13 17 16 51 6 21 95 2 68 73 85 93 33 39 83 20 10 19 60 42 55 35 61 99 23 64 72 14 30 75 54 79 37 15 26 63 44 88 28 71 56 52 29 27 94 77 11 59 81 92 7 43 9 97 66 49 40 1 90 91 80 0 46 41 58 48 22 4 82 3 32 24 25 70 84 18 57 8 67 74 12 86 31 
TEST 2 ARG:84 60 32 30 55 9 51 85 0 65 46 97 81 4 52 22 44 73 99 18 61 79 10 78 21 95 47 43 91 53 27 67 45 24 54 7 90 98 56 50 66 16 59 70 29 88 42 80 39 86 14 92 96 94 41 17 3 72 12 77 31 76 37 23 38 11 57 15 20 63 13 49 68 93 5 35 8 28 58 75 26 74 6 71 34 62 36 89 25 19 2 40 48 1 83 82 69 87 33 64 
TEST 3 ARG:63 51 53 58 30 76 1 0 24 37 95 48 9 3 59 45 79 22 99 96 82 32 94 91 98 74 43 87 93 86 54 11 97 70 52 17 27 57 20 40 36 39 84 23 81 88 66 16 29 42 10 61 47 55 38 15 71 28 60 44 90 2 34 56 72 26 83 35 62 18 12 89 67 14 4 7 13 46 73 21 78 80 64 31 50 92 49 85 77 33 65 75 41 19 6 69 25 68 8 5 
TEST 4 ARG:43 7 92 20 30 81 99 12 88 44 58 56 57 71 24 91 0 90 50 19 9 21 39 87 27 18 35 62 80 73 33 61 8 31 32 22 68 75 98 93 42 86 25 4 23 83 79 77 67 16 76 38 45 54 84 1 36 65 15 10 96 49 48 66 40 11 5 2 17 70 72 69 51 52 34 14 6 55 64 28 59 74 13 89 82 47 94 85 97 53 78 46 63 60 26 37 29 95 3 41 
TEST 5 ARG:31 94 26 93 80 21 47 71 39 81 63 67 52 16 34 11 42 61 91 68 27 58 88 59 55 9 70 64 95 36 3 51 96 83 22 77 43 57 0 5 17 84 12 87 20 37 48 92 76 90 25 38 69 40 97 60 32 29 4 86 65 82 62 74 98 79 7 30 19 1 54 33 45 24 28 49 13 23 2 8 18 72 15 6 75 73 44 46 35 41 14 89 78 50 85 10 56 99 53 66 
TEST 6 ARG:94 55 32 93 62 52 57 81 39 16 4 47 85 89 98 78 49 14 79 86 63 1 61 73 38 70 9 75 82 72 97 90 54 84 23 12 15 53 8 76 45 92 56 88 3 99 96 46 7 65 71 22 40 0 6 20 60 91 51 80 27 87 67 24 33 68 74 30 95 48 37 11 42 35 2 17 25 28 43 5 58 34 18 44 77 69 36 21 50 26 83 13 31 41 64 59 19 66 29 10 
TEST 7 ARG:93 52 75 98 57 43 3 67 26 10 61 34 0 66 55 39 19 85 86 94 87 76 1 91 84 32 44 97 12 77 36 78 14 13 59 79 5 46 65 70 47 96 37 48 54 62 73 35 95 80 8 56 50 7 25 27 17 38 9 16 15 30 41 28 81 71 2 31 64 6 99 49 63 69 33 18 90 11 88 89 83 82 40 58 51 22 42 21 24 53 68 72 29 23 74 92 20 60 45 4 
TEST 8 ARG:67 12 40 70 16 44 26 56 5 47 85 90 59 33 87 9 10 77 73 21 51 0 13 28 17 76 81 35 42 37 86 2 54 20 71 64 95 82 24 43 99 38 23 89 31 39 79 1 36 34 49 58 41 22 65 6 3 29 52 80 57 75 88 60 62 11 50 84 46 74 53 69 15 93 92 63 55 48 45 19 27 18 94 25 98 14 4 83 78 91 96 8 66 61 7 68 97 30 72 32 
TEST 9 ARG:83 43 53 36 70 20 88 34 4 19 62 92 8 14 52 18 51 21 66 23 97 47 76 3 68 96 85 39 50 87 56 41 6 94 33 80 89 13 78 17 57 63 95 81 72 46 1 26 25 27 84 30 55 65 59 16 40 0 22 28 9 37 71 77 31 91 60 58 42 15 44 61 69 99 24 2 64 38 49 35 98 93 12 67 73 29 74 54 75 86 32 11 48 5 82 79 10 45 7 90 
TEST 10 ARG:75 64 19 53 74 41 50 77 87 15 55 9 57 2 51 84 11 96 22 27 63 1 71 52 36 95 66 98 90 61 58 46 94 62 21 29 76 34 10 97 38 81 54 59 79 70 68 18 23 30 40 35 65 44 28 8 0 93 32 33 14 73 24 12 89 72 47 5 56 83 67 99 82 20 49 31 13 43 39 88 45 48 16 3 91 60 7 4 92 69 25 6 42 85 26 37 80 78 17 86 
TEST 11 ARG:50 10 73 23 71 31 33 14 21 51 42 64 25 24 89 87 19 70 11 75 99 26 82 41 16 32 90 27 53 68 59 43 18 74 84 69 30 98 78 34 39 52 57 45 77 47 91 48 3 38 13 15 67 37 46 36 79 72 9 65 54 62 83 95 58 66 6 92 20 94 93 28 63 86 35 56 17 4 5 29 12 85 7 44 76 1 60 96 2 80 88 40 22 55 81 97 0 61 8 49 
TEST 12 ARG:48 40 95 88 54 21 29 56 96 85 0 53 81 82 63 39 64 73 20 74 38 11 99 60 92 6 16 57 7 45 42 41 14 67 9 33 66 28 76 13 26 49 72 43 22 78 97 23 77 70 69 50 65 93 55 52 79 46 94 5 71 34 35 4 27 86 58 87 36 1 83 91 17 10 18 37 75 3 59 12 19 31 24 25 98 61 8 89 90 68 15 32 44 51 2 84 30 47 80 62 
TEST 13 ARG:85 26 50 77 79 34 63 64 48 90 88 68 23 45 98 84 39 6 46 21 49 4 73 19 62 14 33 42 54 95 44 66 10 55 65 78 47 57 87 31 60 58 22 89 69 86 74 75 3 76 81 82 94 97 8 80 12 52 40 70 27 20 0 24 72 18 59 30 1 61 5 25 32 93 91 16 9 99 56 7 43 11 15 92 83 29 53 37 96 51 38 28 71 41 36 2 13 35 67 17 
TEST 14 ARG:89 20 47 61 82 92 74 8 58 40 19 91 12 22 73 39 95 66 18 5 57 33 85 87 27 23 67 94 3 84 46 65 75 79 1 97 0 71 56 6 62 35 28 63 13 52 93 77 11 88 2 30 90 42 59 68 45 36 54 26 15 32 78 31 64 98 96 7 17 49 55 44 16 86 34 99 21 43 80 81 4 60 29 25 76 72 38 51 70 14 50 53 37 83 10 24 69 48 41 9 
TEST 15 ARG:11 15 79 1 45 3 84 53 83 10 22 33 68 77 29 17 54 63 13 38 85 23 14 48 74 37 18 62 43 97 66 34 27 89 50 65 5 60 87 31 57 98 25 90 0 64 36 4 96 76 49 80 9 78 58 70 92 56 67 51 81 30 26 71 24 20 35 2 52 86 72 82 12 44 8 47 7 40 46 42 28 59 21 95 39 88 16 41 69 6 75 32 94 93 61 99 55 91 19 73 
TEST 16 ARG:1 15 36 18 52 26 62 56 40 17 94 81 21 82 6 95 60 88 10 87 79 19 99 64 84 78 80 67 61 77 98 41 20 93 22 9 8 74 68 76 58 47 29 5 96 32 43 50 90 42 14 24 31 37 66 13 83 54 65 30 38 39 49 70 85 28 23 44 57 11 51 89 12 73 2 46 33 72 48 63 55 71 59 16 3 7 35 92 34 53 45 69 0 75 91 27 86 25 4 97 
TEST 17 ARG:98 76 86 81 24 23 30 78 28 60 59 61 3 72 25 54 17 53 84 77 1 4 37 22 69 56 85 16 71 88 31 46 65 35 51 36 52 58 73 47 95 9 7 62 15 2 48 34 83 5 40 57 79 92 50 19 94 49 21 45 43 91 90 14 75 18 87 67 20 38 97 41 82 8 55 63 42 27 13 33 10 44 68 29 32 74 66 96 93 12 26 64 70 80 99 39 11 0 89 6 
TEST 18 ARG:27 73 29 79 15 9 99 7 70 89 30 72 81 65 58 6 60 2 91 38 20 21 57 43 95 22 18 97 86 28 50 23 41 67 31 96 49 33 16 74 47 37 68 80 14 26 35 69 82 76 12 34 92 32 11 48 54 64 46 78 61 53 10 3 44 93 52 17 84 13 51 55 75 1 66 36 40 62 88 71 4 83 39 8 94 77 56 25 87 24 98 59 45 5 90 63 85 0 42 19 
TEST 19 ARG:81 43 82 90 44 98 58 42 91 63 64 59 21 11 47 66 46 78 96 57 51 62 73 49 6 8 84 85 65 33 17 77 7 38 34 36 93 13 97 80 14 29 31 52 48 60 45 23 76 72 9 41 53 95 83 94 92 24 70 86 75 87 16 55 56 30 20 10 0 69 27 40 28 35 2 37 32 12 79 26 19 54 3 99 39 71 25 74 89 68 1 18 61 50 5 88 4 67 15 22 
TEST 20 ARG:60 66 75 12 89 42 54 97 88 95 27 16 2 91 3 77 5 94 68 45 13 56 74 21 40 48 10 35 90 8 51 52 34 62 22 38 17 76 67 37 43 30 6 72 96 39 18 69 65 99 41 7 59 64 20 70 73 92 11 49 44 93 19 55 31 79 81 14 36 33 58 86 78 32 50 29 24 26 83 46 15 71 0 23 25 9 1 4 63 82 98 61 87 85 57 80 47 28 84 53 
TEST 21 ARG:84 91 96 51 88 2 69 15 41 0 48 67 76 40 47 87 21 24 80 73 81 38 37 20 78 75 3 6 5 94 82 17 14 92 72 45 1 97 44 99 68 62 9 79 60 12 42 22 8 58 86 46 29 71 7 63 35 28 30 83 31 90 57 66 55 74 56 36 34 25 64 59 95 10 32 33 13 4 70 77 23 54 16 19 49 61 98 93 27 85 65 11 52 53 43 50 18 39 26 89 
TEST 22 ARG:17 97 64 27 20 5 37 67 12 45 86 29 30 38 57 40 72 80 35 79 96 23 63 70 87 33 61 73 14 52 3 16 47 11 95 74 42 21 39 90 98 53 34 7 51 44 83 76 28 81 0 60 24 6 46 8 94 43 99 4 36 62 93 82 58 18 88 56 92 31 65 78 91 32 22 77 41 69 9 59 2 50 15 48 89 75 68 84 85 54 13 26 71 49 1 10 66 19 25 55 
TEST 23 ARG:51 77 93 84 24 63 18 23 78 64 10 11 36 16 39 22 58 8 15 75 44 68 88 65 60 55 19 95 87 69 40 30 53 72 90 0 13 21 33 47 85 41 67 28 56 9 62 54 86 96 89 50 6 42 38 12 94 14 59 3 76 48 2 34 1 71 79 91 35 32 81 46 5 92 70 83 37 74 43 26 99 29 73 97 20 98 7 80 45 52 66 31 49 57 17 27 61 25 4 82 
TEST 24 ARG:83 40 18 52 94 49 55 47 93 39 17 61 59 95 86 24 21 84 9 48 1 96 38 88 99 5 80 2 85 62 78 41 54 50 28 68 58 70 73 30 42 23 13 63 76 97 98 7 16 37 34 26 35 14 65 56 29 67 79 22 87 31 19 25 0 15 12 43 20 69 32 33 66 44 81 10 51 89 4 90 91 77 45 72 74 92 8 82 75 11 36 60 71 3 6 53 46 27 64 57 
TEST 25 ARG:18 36 21 5 50 72 88 29 0 97 93 3 45 56 84 95 27 63 24 52 96 89 34 87 17 59 60 10 68 67 58 13 25 48 42 4 81 74 28 73 26 70 79 71 8 47 75 57 86 64 1 20 83 44 33 76 80 53 40 78 31 61 82 22 16 91 98 77 32 30 54 12 49 14 85 2 90 41 92 51 37 66 15 39 11 46 65 94 35 9 38 69 43 23 99 7 62 19 6 55 
TEST 26 ARG:96 56 21 20 71 42 79 13 24 87 39 16 6 85 67 18 62 99 49 10 51 84 47 26 3 58 46 30 38 37 76 91 60 11 59 93 61 7 86 32 31 22 57 44 70 9 74 94 50 90 33 48 92 53 1 66 28 43 65 29 73 97 14 98 78 27 54 23 25 45 80 95 15 4 19 2 5 36 68 64 77 40 35 8 89 41 72 55 83 52 88 17 12 82 69 0 75 81 34 63 
TEST 27 ARG:92 36 86 58 38 52 60 59 94 10 65 62 35 63 26 3 34 22 31 96 46 47 40 56 54 33 41 21 83 51 74 64 70 11 24 25 19 9 91 97 29 43 77 75 72 1 76 95 68 7 90 13 81 61 85 73 45 98 79 53 17 44 32 39 66 89 8 80 23 88 18 84 50 2 82 99 42 12 48 93 57 28 16 55 49 14 20 67 69 78 15 37 0 27 87 5 6 4 30 71 
TEST 28 ARG:35 34 9 37 8 42 98 91 14 30 22 79 66 57 18 74 56 85 10 88 17 27 53 67 65 95 90 83 52 61 0 78 15 31 94 48 28 97 55 59 4 29 93 84 5 44 1 75 64 26 6 49 11 73 39 63 68 33 76 60 96 81 21 19 58 89 80 23 69 99 51 12 43 45 25 2 32 36 41 7 92 13 72 24 50 82 62 86 20 3 54 87 77 16 46 38 71 47 40 70 
TEST 29 ARG:91 22 86 34 40 59 94 82 77 5 13 87 80 19 99 89 75 2 70 79 29 21 53 4 0 17 16 36 61 60 63 1 69 43 12 10 6 41 97 23 26 81 85 47 37 30 83 68 66 98 90 31 15 76 64 45 51 92 78 20 38 8 18 9 28 84 52 50 3 65 32 93 48 49 11 33 67 42 25 7 14 88 58 57 24 74 35 39 54 44 72 73 55 62 27 46 95 56 96 71 
TEST 30 ARG:66 10 95 57 14 49 7 36 58 20 13 16 73 44 33 8 96 94 19 29 30 80 52 64 11 91 15 75 60 18 6 92 93 27 63 53 97 0 89 42 77 81 23 43 3 76 99 21 24 40 83 50 54 39 46 17 1 68 25 87 71 28 47 79 31 32 41 62 37 98 34 86 38 35 9 45 55 51 72 5 74 84 4 12 90 70 61 65 48 82 67 2 78 26 85 88 59 69 22 56 
TEST 31 ARG:9 63 98 17 49 86 4 74 48 37 56 7 22 78 46 18 87 50 85 97 5 10 53 88 54 61 23 71 79 0 62 89 32 91 80 94 99 24 90 40 36 60 8 76 57 42 27 96 35 72 51 65 68 92 81 15 14 66 41 73 38 67 29 39 43 12 21 77 19 30 75 64 26 20 11 69 95 93 3 28 83 47 55 33 45 13 44 16 1 59 84 25 31 6 82 52 58 2 34 70 
TEST 32 ARG:58 85 16 89 61 4 46 95 2 41 9 8 69 33 94 35 48 19 20 51 24 65 83 74 42 49 52 40 90 73 45 18 59 26 23 14 88 67 54 86 64 80 79 78 22 43 31 11 66 77 32 84 72 87 10 25 97 75 50 96 6 71 56 15 99 1 55 17 29 91 76 36 93 34 92 44 12 60 53 37 5 3 38 0 98 81 57 7 30 63 39 70 82 68 21 28 47 62 13 27 
TEST 33 ARG:40 35 67 96 5 65 87 74 60 54 78 22 12 88 90 34 33 66 97 73 93 23 70 49 46 16 21 69 2 86 63 89 52 79 95 42 41 28 82 62 81 8 13 51 4 25 15 61 85 83 72 98 56 53 94 31 55 9 3 7 37 14 92 58 24 38 43 11 45 6 91 19 18 10 30 29 44 71 59 47 76 50 32 80 64 68 48 20 84 27 99 0 26 1 77 57 39 17 75 36 
TEST 34 ARG:22 25 28 81 46 5 92 71 68 10 84 23 55 16 52 83 67 57 79 8 9 95 29 12 43 91 14 51 3 80 87 64 61 89 30 97 39 59 19 45 1 4 0 88 74 27 58 20 38 47 54 76 41 6 73 96 85 48 98 15 99 72 86 60 32 11 33 53 49 66 82 7 35 77 17 75 78 2 21 37 63 40 65 31 24 42 93 26 62 56 18 50 94 69 70 13 44 36 34 90 
TEST 35 ARG:89 87 95 54 96 38 25 76 8 3 9 59 60 7 26 83 27 42 30 63 35 15 16 23 64 81 56 46 1 73 36 58 29 32 4 55 11 97 24 28 20 34 13 84 51 43 40 37 18 77 75 33 44 50 2 52 65 88 98 21 47 0 17 82 53 22 66 14 41 45 90 49 39 48 99 31 86 61 71 6 78 94 85 70 67 80 68 10 5 79 93 91 12 57 72 69 92 62 19 74 
TEST 36 ARG:85 64 66 50 61 31 13 75 87 17 46 67 8 27 54 35 14 32 12 11 99 77 70 23 58 40 1 96 2 56 21 97 22 98 38 91 79 59 45 84 76 25 55 4 3 90 94 73 57 43 63 93 86 53 95 74 19 41 0 33 29 7 44 52 65 18 82 92 30 69 62 71 72 9 10 26 34 20 60 47 28 24 78 48 16 37 83 6 81 68 88 15 51 80 89 49 36 39 42 5 
TEST 37 ARG:30 51 94 44 27 60 9 85 69 49 72 40 21 88 6 36 39 38 54 13 84 66 59 18 63 20 14 96 57 7 29 65 15 83 37 35 17 1 81 3 12 28 70 41 47 42 19 11 91 48 8 87 80 55 74 23 86 62 33 50 53 24 97 93 76 0 25 26 71 52 67 46 2 5 16 61 4 34 82 98 75 56 64 58 45 77 92 78 89 73 32 31 99 22 90 79 95 68 10 43 
TEST 38 ARG:2 12 42 32 85 13 22 6 16 95 57 33 98 96 8 29 43 21 61 83 94 35 90 59 39 30 75 4 54 65 86 50 24 53 37 70 76 77 88 93 7 11 0 80 56 68 46 45 73 31 67 74 63 69 62 81 36 79 44 97 55 48 41 52 1 34 25 3 28 20 72 23 82 17 10 40 60 92 87 84 89 78 58 91 66 51 49 71 14 18 99 5 26 15 64 47 27 19 9 38 
TEST 39 ARG:17 53 83 61 98 10 76 29 5 49 3 33 86 57 4 8 0 2 91 80 26 93 59 90 39 79 70 92 1 47 6 67 66 25 88 43 89 14 77 19 34 97 27 99 22 74 12 7 60 51 63 82 45 84 37 32 30 35 58 96 44 11 75 71 36 18 78 65 64 15 9 40 62 68 69 54 31 16 13 85 52 55 56 72 23 50 95 41 38 28 46 94 81 20 48 24 42 21 87 73 
TEST 40 ARG:65 91 1 4 9 50 71 10 46 51 90 39 62 37 48 67 53 35 85 54 13 92 14 18 79 29 94 84 60 76 32 70 11 47 24 5 73 12 83 75 33 0 2 87 69 61 59 44 56 36 42 38 20 97 82 89 27 26 93 23 30 8 7 55 28 81 66 17 64 6 22 21 43 25 86 72 15 16 49 96 3 34 52 88 99 77 57 68 45 98 74 95 41 63 40 58 78 19 31 80 
TEST 41 ARG:53 12 47 87 3 86 0 23 33 30 63 56 84 27 91 14 22 64 49 80 76 8 57 10 82 94 58 77 51 83 38 31 74 35 37 44 7 42 1 66 97 52 34 45 61 79 62 21 88 48 32 95 96 5 15 65 93 78 40 4 59 6 46 55 19 11 69 43 67 26 17 71 72 24 89 90 41 81 54 16 68 36 75 13 99 20 50 73 2 25 39 85 18 92 98 9 28 29 70 60 
TEST 42 ARG:15 83 10 9 3 40 58 20 24 73 98 8 94 7 13 91 78 18 26 14 5 1 60 85 36 90 72 89 82 37 43 25 34 80 96 17 74 56 28 46 29 52 84 67 33 76 42 27 22 0 86 71 47 12 65 81 45 53 38 69 35 70 11 93 88 63 79 92 21 4 48 54 77 41 87 68 75 59 31 2 44 6 32 62 55 99 64 19 95 57 97 30 49 51 66 50 16 61 23 39 
TEST 43 ARG:59 62 30 29 54 82 28 47 32 76 1 97 31 11 66 44 48 88 53 21 55 99 95 25 74 26 92 43 91 75 9 7 15 39 67 64 83 24 4 85 60 33 49 45 17 81 58 2 3 70 36 42 22 80 18 79 93 69 98 90 61 77 5 37 86 51 12 14 87 84 46 78 56 0 50 23 94 72 71 6 63 35 27 16 20 89 52 13 8 65 68 38 41 10 19 40 96 34 57 73 
TEST 44 ARG:95 5 89 80 73 33 39 99 86 91 23 74 69 42 61 36 38 30 8 25 9 72 18 94 83 70 97 90 98 67 56 81 7 76 3 54 2 6 17 71 53 1 96 0 44 64 68 46 58 26 55 92 24 40 88 15 52 22 27 57 93 75 10 48 79 85 63 65 84 32 82 62 87 51 49 16 60 35 21 41 20 78 4 47 43 66 77 31 59 34 28 19 37 50 45 14 13 29 11 12 
TEST 45 ARG:40 64 59 62 44 87 34 57 42 6 24 37 54 49 5 69 13 93 79 31 65 85 9 82 48 26 72 2 95 71 78 17 89 58 55 23 50 30 4 81 70 11 75 77 88 33 29 18 92 80 97 56 73 91 45 84 60 3 61 51 0 19 99 35 76 1 68 96 25 90 10 86 94 52 98 12 83 36 63 16 8 46 43 21 53 20 7 32 74 28 38 41 39 66 47 22 15 67 14 27 
TEST 46 ARG:69 7 86 89 11 39 98 15 76 88 33 57 45 29 79 53 48 18 50 32 42 81 62 49 70 35 61 82 80 22 12 94 40 25 43 24 34 17 19 8 20 73 0 3 60 30 28 97 14 66 93 1 55 26 9 5 91 67 23 56 41 51 13 36 68 38 31 85 44 6 90 96 95 52 37 46 83 74 72 4 77 75 71 63 16 58 54 27 47 2 65 99 59 64 78 92 84 10 87 21 
TEST 47 ARG:77 64 35 85 8 80 49 71 5 28 86 40 68 7 22 10 15 33 65 82 17 39 20 50 24 2 18 36 54 37 43 72 25 46 99 45 94 32 51 70 74 48 21 78 3 98 47 12 97 92 14 96 34 75 76 55 42 58 56 30 9 81 59 73 91 16 29 38 53 95 6 62 66 23 11 1 79 52 84 41 87 67 93 69 61 44 88 63 0 13 83 4 31 27 57 60 26 90 19 89 
TEST 48 ARG:32 49 60 72 70 84 57 64 82 81 31 51 97 9 39 42 94 10 87 58 28 91 62 27 18 76 99 67 19 47 12 90 41 68 16 55 75 40 3 50 88 2 37 30 61 4 45 44 1 29 22 54 36 66 78 77 20 48 53 79 34 43 71 86 14 74 96 17 98 59 35 38 93 6 92 5 95 0 63 33 15 85 25 21 56 83 8 26 23 13 80 52 7 69 46 89 73 65 11 24 
TEST 49 ARG:43 0 53 37 28 55 77 95 74 57 66 90 52 23 46 60 67 3 34 97 16 98 78 71 70 62 61 10 22 42 11 89 38 33 82 32 99 20 75 65 58 19 83 54 1 24 73 5 15 79 48 94 18 17 80 76 49 96 63 2 4 86 59 26 93 50 69 21 56 35 87 9 29 92 6 12 41 39 88 85 44 84 14 27 7 64 81 30 45 40 72 47 91 36 25 8 31 68 51 13 
TEST 50 ARG:70 3 95 5 1 37 81 4 77 84 40 98 92 27 86 66 35 14 54 29 46 52 44 20 41 7 62 57 26 24 82 22 83 55 34 97 90 93 53 36 25 28 0 85 50 48 99 6 87 69 11 33 47 43 13 64 42 8 9 23 59 56 91 15 96 94 2 51 67 30 60 88 75 68 31 78 32 65 58 63 19 38 71 76 89 17 72 80 39 16 18 12 45 74 79 49 21 73 61 10 
TEST 51 ARG:43 42 77 80 63 24 47 83 11 12 87 73 71 96 41 27 37 88 18 86 58 51 6 68 48 20 9 56 94 69 14 82 4 84 26 39 36 92 95 50 78 72 89 7 66 13 45 57 40 52 98 67 0 76 10 19 5 99 59 35 8 34 81 97 61 49 93 21 64 70 15 91 60 32 16 1 3 55 75 31 22 33 54 65 38 44 53 17 28 90 23 2 85 74 79 29 62 30 25 46 
TEST 52 ARG:47 98 34 4 27 73 0 83 87 82 92 40 95 33 18 28 48 19 61 99 30 88 5 75 64 23 31 53 38 26 63 39 90 76 85 67 14 96 12 69 70 65 32 6 9 3 74 56 81 16 59 36 15 46 22 86 97 45 94 84 11 66 41 93 72 91 52 58 37 2 50 55 54 13 68 78 57 51 8 1 80 7 49 25 35 24 20 71 60 44 42 77 79 62 43 17 10 21 89 29 
TEST 53 ARG:86 17 34 58 60 82 72 35 96 5 45 88 57 71 56 93 53 54 95 83 68 52 65 4 75 44 50 80 41 99 22 76 14 20 59 18 3 24 25 91 77 66 2 26 7 67 40 37 9 51 63 8 90 79 27 61 36 62 98 69 92 12 42 39 78 64 19 74 23 81 15 21 73 32 30 31 97 85 29 87 46 13 33 89 43 11 28 1 0 47 6 49 84 94 48 38 16 10 55 70 
TEST 54 ARG:38 50 36 3 89 68 40 55 7 46 95 84 32 26 88 25 9 53 5 76 56 90 1 37 59 4 14 52 22 8 28 70 64 92 86 78 60 75 66 65 43 58 48 69 83 93 98 47 24 2 23 77 31 33 20 11 19 71 67 57 96 72 21 79 51 61 97 94 73 35 63 13 30 74 62 27 6 85 10 81 42 12 41 16 29 99 18 0 17 54 44 82 39 49 87 45 34 15 91 80 
TEST 55 ARG:65 0 44 39 63 29 5 67 13 37 48 14 79 98 88 10 86 90 76 1 31 32 52 85 56 40 18 19 84 38 62 33 21 59 64 12 95 55 75 51 58 60 45 20 7 81 46 61 2 71 16 28 82 34 92 72 69 35 70 94 36 17 4 80 73 49 8 23 3 27 54 74 22 97 96 6 26 24 83 50 93 57 53 77 66 87 47 41 9 89 43 78 42 99 25 15 30 68 11 91 
TEST 56 ARG:23 55 31 60 37 81 12 18 15 99 50 87 80 1 95 64 88 54 52 44 34 38 30 39 82 74 9 46 68 75 86 93 16 2 45 58 17 5 40 83 96 47 69 7 79 6 11 59 63 22 27 51 32 98 14 61 85 10 41 20 3 89 91 8 56 49 71 53 33 76 77 35 29 36 62 25 78 4 72 90 67 28 48 57 42 73 97 24 70 19 65 84 43 0 92 26 66 21 13 94 
TEST 57 ARG:65 84 70 22 11 83 57 46 7 59 12 93 32 28 76 35 82 55 26 3 78 45 68 49 34 41 20 91 95 72 56 31 8 44 25 77 98 47 39 43 75 87 37 61 21 38 92 9 53 66 40 71 18 69 99 97 73 2 63 62 15 29 89 24 88 4 60 33 0 19 36 30 1 85 79 74 52 16 6 23 50 96 81 86 13 27 94 80 54 67 90 10 58 42 14 64 17 51 48 5 
TEST 58 ARG:18 89 33 80 91 90 85 93 40 17 32 63 92 37 57 41 30 60 77 86 7 52 59 84 28 6 27 2 65 68 44 87 36 51 1 81 9 79 61 67 24 53 23 96 95 62 78 54 66 64 16 15 0 75 56 46 19 88 72 55 48 29 13 39 99 58 70 31 98 21 20 5 34 10 4 12 14 94 3 83 97 8 69 50 82 35 74 42 71 26 11 49 43 45 76 38 73 25 22 47 
TEST 59 ARG:12 91 11 60 85 13 68 21 46 9 16 65 72 29 55 52 83 26 7 8 47 41 78 75 1 80 66 5 48 88 99 56 58 43 23 81 10 64 14 86 53 54 67 31 62 82 2 96 71 87 44 24 32 34 50 98 17 20 90 4 27 74 28 42 63 30 51 6 35 76 84 37 40 57 95 79 22 94 61 73 3 70 0 15 36 39 49 77 18 92 38 69 19 45 89 59 33 25 93 97 
TEST 60 ARG:46 86 34 3 91 88 71 47 98 5 59 1 75 29 55 41 12 92 35 94 19 61 38 78 81 11 93 42 90 63 66 14 89 21 49 37 72 27 2 73 39 18 53 26 33 87 20 8 65 57 44 64 45 67 70 96 83 36 16 77 54 23 84 22 4 15 85 95 30 7 58 10 97 48 56 31 6 82 40 74 43 0 13 24 79 76 9 99 60 80 52 50 25 32 17 51 62 28 68 69 
TEST 61 ARG:87 11 72 8 4 74 68 91 13 66 63 52 41 92 90 97 7 79 3 98 80 19 48 28 83 31 38 75 20 24 32 60 93 53 25 99 37 77 61 9 57 21 36 5 58 14 12 59 33 95 22 27 81 47 49 96 2 42 85 94 44 35 62 16 69 34 86 76 89 54 82 39 45 65 10 15 46 23 51 0 71 50 30 26 56 18 70 43 6 1 73 17 88 40 84 78 29 64 67 55 
TEST 62 ARG:10 42 58 43 32 12 80 67 59 22 49 65 53 90 84 1 86 72 98 20 23 41 60 31 46 25 52 16 50 63 36 61 34 29 79 19 62 39 56 6 4 96 81 68 64 74 51 11 69 87 45 35 28 89 95 73 82 75 5 48 92 40 83 37 7 85 26 38 76 88 14 54 66 0 33 93 70 15 24 94 27 91 3 57 13 30 77 55 2 21 9 97 44 47 78 8 71 18 17 99 
TEST 63 ARG:29 82 44 95 49 38 79 3 21 27 52 75 59 2 89 50 12 22 87 51 60 91 67 85 42 76 54 69 72 94 37 40 39 66 1 73 71 5 58 92 41 84 86 53 80 77 32 64 16 78 23 74 68 57 33 48 20 7 46 35 17 70 24 43 81 90 30 93 45 13 62 14 63 98 26 6 18 96 65 11 4 8 15 10 99 9 83 97 61 55 31 47 25 34 0 28 88 56 36 19 
TEST 64 ARG:12 91 85 28 65 19 30 38 35 21 33 48 14 73 3 80 79 47 76 55 50 98 83 40 13 96 57 51 72 43 59 23 4 20 15 56 52 49 0 16 94 77 62 66 45 42 32 63 10 81 44 89 70 97 67 46 58 5 24 68 1 90 22 27 11 95 36 54 7 60 53 71 87 93 82 25 99 17 26 41 37 39 75 78 29 92 74 86 18 64 84 34 61 9 31 2 8 6 88 69 
TEST 65 ARG:26 52 98 50 83 95 5 9 1 4 79 74 7 93 0 48 31 12 75 37 67 2 13 88 28 90 59 47 87 60 51 58 39 8 71 40 46 17 54 20 33 32 68 16 91 11 94 29 65 24 10 80 66 84 77 15 82 97 81 63 49 78 64 96 19 6 27 41 53 92 3 70 21 89 56 38 62 69 99 22 36 14 42 86 44 25 72 30 61 35 73 18 57 85 34 76 23 45 43 55 
TEST 66 ARG:49 33 25 71 55 99 56 44 35 18 96 21 22 29 53 69 77 73 97 51 19 39 43 16 84 82 36 78 13 45 94 23 12 8 72 65 15 47 93 32 27 41 40 58 66 89 50 68 46 14 90 42 31 38 0 95 2 28 37 11 75 1 87 7 6 67 80 61 5 79 62 74 57 54 86 59 34 9 76 26 30 3 60 48 92 85 98 81 20 83 17 24 52 64 91 10 70 4 88 63 
TEST 67 ARG:12 65 17 71 62 88 46 0 97 41 67 15 84 40 10 96 85 94 56 26 6 74 93 45 81 30 80 29 9 78 63 32 90 27 54 20 43 5 31 73 28 55 72 37 60 42 1 50 57 61 64 82 2 23 33 39 19 76 77 24 79 51 59 47 70 7 83 89 48 91 66 4 36 11 35 95 44 69 16 49 21 92 25 87 8 13 86 58 18 3 99 52 98 75 34 38 68 53 14 22 
TEST 68 ARG:31 77 39 89 40 22 13 37 23 93 59 4 42 63 75 26 12 64 36 44 33 95 87 65 97 76 49 35 98 67 34 57 9 81 56 5 51 11 43 45 94 61 58 62 7 21 72 15 52 80 6 82 46 30 25 68 47 14 90 27 66 83 84 73 41 3 71 48 99 19 24 0 96 69 2 1 74 32 29 92 78 20 50 28 18 10 16 8 55 91 53 85 79 54 38 60 17 70 86 88 
TEST 69 ARG:87 3 70 42 8 49 82 43 23 13 65 11 17 59 4 21 36 47 22 66 61 18 88 73 34 57 30 31 6 91 74 92 53 67 40 29 89 78 2 83 75 97 27 26 32 0 84 20 58 37 39 7 64 81 45 79 16 96 55 93 98 85 44 1 90 94 86 19 33 54 48 50 28 38 46 10 63 72 25 80 52 99 35 14 5 15 71 41 60 77 69 95 9 56 68 24 62 51 12 76 
TEST 70 ARG:13 32 77 43 76 34 92 69 12 78 19 5 61 98 1 64 11 57 3 29 46 41 31 54 9 35 55 62 74 15 30 39 91 8 2 86 10 87 94 67 24 68 96 52 51 63 17 75 42 85 82 25 22 95 58 36 84 53 71 33 48 80 47 90 70 37 14 6 99 83 89 7 45 93 81 50 56 28 65 60 4 21 0 88 79 40 16 27 59 23 44 97 20 66 18 73 38 72 26 49 
TEST 71 ARG:14 17 76 86 35 77 52 31 11 37 71 82 45 60 50 2 53 47 94 59 18 19 63 6 39 27 87 41 42 44 79 9 40 97 68 65 81 48 93 1 61 32 0 5 7 43 16 84 62 96 33 69 24 98 70 95 4 13 75 74 26 56 8 92 28 90 25 83 85 23 80 55 78 20 34 73 91 21 22 46 57 99 64 67 88 29 30 72 12 3 89 38 58 51 36 10 49 54 66 15 
TEST 72 ARG:78 33 94 23 93 69 48 87 49 65 45 37 84 22 79 60 17 5 25 96 4 9 27 57 61 52 21 20 68 36 67 66 43 73 91 1 89 2 13 82 53 39 90 16 41 83 26 85 58 92 29 77 98 62 7 63 46 10 54 75 44 11 95 80 35 70 99 55 38 0 12 32 88 28 64 72 74 81 18 51 47 8 76 14 31 50 24 15 6 19 40 3 71 56 59 86 34 97 42 30 
TEST 73 ARG:47 54 80 89 60 90 48 23 83 35 52 14 82 21 67 55 11 46 0 87 39 15 58 61 13 51 88 59 38 18 2 28 64 97 56 62 5 75 98 45 96 85 41 32 27 42 10 72 26 31 49 95 63 37 7 99 24 91 65 19 84 94 36 43 73 69 1 50 17 66 16 29 70 77 33 3 6 44 25 30 40 78 57 12 68 71 76 81 79 86 92 20 93 74 8 53 22 9 34 4 
TEST 74 ARG:27 7 33 17 46 57 95 22 66 15 19 65 75 53 83 11 97 58 47 34 86 60 64 74 36 54 78 8 69 67 16 23 18 63 35 94 38 79 59 4 91 98 68 73 21 70 85 3 41 2 50 28 55 71 14 84 80 31 76 44 90 61 32 40 12 26 77 48 96 0 43 49 25 56 45 39 30 9 87 13 20 92 29 81 72 62 99 93 6 37 51 42 10 1 82 24 88 5 89 52 
TEST 75 ARG:54 6 23 55 92 13 43 12 48 42 82 79 76 39 89 61 98 29 36 97 63 24 32 19 96 86 50 72 30 3 27 77 7 9 16 62 18 8 1 75 65 57 80 44 69 5 85 93 81 22 53 14 74 25 26 91 46 66 94 34 68 20 40 0 64 11 2 52 84 49 59 95 31 60 56 99 51 87 28 4 47 70 78 71 33 73 90 15 83 17 38 10 37 21 58 67 88 45 41 35 
TEST 76 ARG:9 87 64 98 10 50 75 90 69 22 32 2 15 72 45 74 88 24 33 71 1 99 48 70 52 41 34 17 18 39 37 85 29 84 21 53 3 43 36 47 51 58 57 66 31 23 40 28 81 93 6 16 20 73 11 46 42 27 60 94 92 56 83 61 0 19 97 54 86 14 7 25 38 4 8 44 5 82 96 55 77 12 76 59 35 67 91 62 13 26 65 79 68 49 78 30 89 95 63 80 
TEST 77 ARG:98 5 54 90 80 24 29 27 46 25 48 82 63 4 81 19 39 7 2 59 70 8 64 45 23 13 69 35 12 60 99 73 31 94 40 57 96 10 67 42 33 14 15 32 9 76 79 85 92 95 71 26 11 38 83 56 52 47 49 68 50 41 51 66 74 75 86 43 1 17 97 55 72 78 77 22 34 6 65 21 84 87 16 93 37 61 30 53 58 91 20 3 28 0 89 88 62 18 36 44 
TEST 78 ARG:54 13 10 3 68 91 64 42 45 9 76 65 36 29 19 89 71 60 86 77 15 34 97 53 33 1 39 79 5 92 48 21 56 22 37 52 69 47 16 2 98 82 11 93 40 72 43 51 46 94 59 66 85 41 50 70 27 78 26 57 58 61 28 31 0 96 63 17 35 4 8 49 6 73 44 74 25 7 30 95 23 14 12 99 55 62 24 90 32 75 80 88 84 81 67 38 20 87 83 18 
TEST 79 ARG:44 23 21 59 69 57 10 78 79 54 45 20 66 63 33 46 84 88 18 62 17 24 80 2 67 65 40 41 47 86 32 99 95 38 12 26 52 87 48 14 35 73 6 72 58 22 0 53 39 50 11 56 49 76 27 19 7 82 74 5 81 68 9 42 92 25 98 77 85 75 97 96 94 64 70 51 3 71 28 1 13 15 34 43 31 8 37 29 30 61 83 93 16 91 89 90 4 55 36 60 
TEST 80 ARG:1 20 85 81 26 54 88 96 27 2 4 80 37 7 42 22 78 29 79 92 50 55 21 59 61 67 98 16 52 5 65 68 90 95 23 6 12 53 33 28 82 11 9 70 64 69 99 44 51 97 41 39 60 74 35 25 15 76 3 87 77 48 71 84 17 38 31 18 93 13 75 89 94 40 57 63 14 36 72 49 10 46 0 19 58 83 24 34 56 62 32 66 47 73 45 43 91 8 30 86 
TEST 81 ARG:75 0 59 49 16 50 8 86 18 46 73 17 48 32 35 44 95 96 1 13 40 74 62 3 76 26 69 12 65 56 38 51 37 70 60 71 90 63 5 97 41 11 28 82 24 42 55 34 85 7 39 92 23 20 79 91 66 83 58 4 43 36 27 29 72 99 81 84 80 88 52 2 67 47 77 31 14 93 98 89 87 33 19 25 68 22 78 6 21 15 61 54 94 45 57 10 9 30 53 64 
TEST 82 ARG:66 43 96 63 35 9 0 84 54 91 95 57 65 29 98 50 73 44 89 1 75 27 59 52 56 5 88 53 42 13 68 81 33 39 51 7 34 23 8 82 71 18 6 77 22 41 31 76 28 80 74 61 2 30 99 17 92 78 93 45 90 55 14 79 72 24 12 20 60 3 15 37 21 62 38 70 49 47 83 64 11 97 10 32 36 25 48 4 16 19 58 67 87 69 94 26 86 46 85 40 
TEST 83 ARG:5 30 87 34 9 59 81 90 1 93 4 48 18 35 63 26 29 82 84 94 7 65 58 15 13 98 49 17 47 62 43 67 55 72 41 33 28 91 83 38 80 76 51 64 16 95 44 50 77 27 73 85 22 6 70 75 69 89 2 8 3 86 42 36 57 23 37 78 79 31 10 21 39 99 54 11 45 56 0 96 20 60 92 88 46 32 24 40 53 12 71 66 19 61 68 97 25 74 14 52 
TEST 84 ARG:49 86 25 56 54 76 43 15 38 36 61 46 53 81 28 84 94 57 30 14 91 59 1 26 16 95 0 67 78 52 97 71 4 99 96 20 19 50 68 98 7 33 60 13 10 39 65 40 83 37 90 44 47 55 48 9 79 12 66 27 64 21 17 29 31 3 41 62 70 82 73 34 69 77 23 89 74 2 72 80 85 87 88 18 6 75 5 63 42 45 93 24 35 51 92 32 11 58 8 22 
TEST 85 ARG:80 52 77 59 7 61 26 55 1 39 63 34 81 36 8 19 94 71 68 96 41 72 66 11 25 91 50 18 23 27 47 31 16 69 84 88 89 10 40 48 6 15 49 38 28 46 92 17 86 95 12 70 67 79 0 73 21 33 29 98 35 83 43 74 9 85 97 75 13 64 32 53 44 54 4 56 58 30 20 5 87 22 90 60 2 42 57 45 82 78 99 24 51 62 65 76 3 93 14 37 
TEST 86 ARG:75 24 55 80 47 72 17 82 54 57 21 89 28 84 83 1 22 68 7 45 36 25 53 35 2 42 19 18 44 94 58 49 37 41 74 88 43 23 46 15 77 30 65 70 11 92 90 40 73 51 69 61 76 38 96 93 99 27 62 63 34 6 4 79 10 32 31 60 81 97 16 86 66 26 39 56 20 78 29 98 9 12 64 3 59 33 91 13 95 0 14 87 8 52 71 5 50 85 67 48 
TEST 87 ARG:97 4 79 57 27 26 45 6 30 67 23 41 96 53 40 75 11 25 31 43 99 63 78 3 61 81 91 38 65 88 19 56 17 54 62 14 1 73 13 48 46 90 66 68 55 33 37 7 20 36 16 35 93 50 29 89 9 34 64 18 74 12 44 42 10 0 21 28 98 94 22 84 80 76 15 87 52 72 47 59 58 83 39 71 77 85 95 82 32 5 60 24 92 8 86 51 70 49 69 2 
TEST 88 ARG:81 2 16 80 91 35 56 87 77 70 8 95 14 43 76 53 79 78 99 98 3 44 22 10 45 58 68 12 59 32 85 71 89 15 41 40 72 74 0 34 27 26 5 83 57 88 73 23 20 9 69 90 49 66 25 13 52 50 18 30 92 63 54 21 42 11 82 94 93 46 39 24 19 28 55 86 51 29 4 17 65 62 38 7 31 60 33 64 37 6 97 47 48 84 61 67 75 96 36 1 
TEST 89 ARG:8 33 90 84 39 79 31 91 73 53 21 23 95 51 1 44 66 71 46 54 32 22 76 3 89 42 24 12 10 0 37 63 58 94 81 86 41 70 18 52 25 59 28 69 43 19 72 7 98 60 27 38 16 20 26 97 80 64 65 4 82 5 96 50 2 56 83 68 9 45 48 47 77 40 92 93 30 57 11 61 99 87 75 13 17 6 88 34 62 78 74 85 35 29 15 14 55 49 67 36 
TEST 90 ARG:41 48 82 45 39 22 71 86 89 80 4 28 10 96 0 2 15 87 23 8 49 75 38 59 1 95 53 5 51 18 94 19 84 85 64 54 79 25 69 16 58 61 93 76 81 44 57 67 24 35 62 52 11 12 70 63 29 37 83 43 32 21 60 20 47 33 77 74 26 98 91 13 68 27 17 30 78 55 99 42 7 36 14 9 65 3 40 46 72 88 50 97 34 56 92 73 31 90 66 6 
TEST 91 ARG:45 89 55 0 82 19 29 30 75 23 5 92 52 95 84 7 38 86 43 44 39 71 17 47 49 53 8 22 9 58 90 28 73 15 6 4 69 67 83 68 51 80 60 70 34 40 91 87 42 2 72 62 48 54 14 36 27 21 41 35 26 78 63 57 97 66 1 59 79 96 3 10 24 94 56 61 13 50 93 77 85 25 31 11 81 64 16 18 65 37 74 12 33 46 88 20 98 32 99 76 
TEST 92 ARG:88 47 99 37 15 16 44 45 1 0 12 94 27 43 41 71 48 58 49 68 52 76 46 22 80 62 36 63 67 40 77 9 31 34 38 29 93 28 25 90 13 54 89 72 26 70 11 61 32 73 3 50 53 42 81 17 23 98 69 74 18 51 4 20 86 64 92 60 7 30 79 83 85 39 8 97 84 65 95 75 5 59 96 14 10 21 2 87 57 33 6 55 82 91 24 78 19 56 66 35 
TEST 93 ARG:14 29 1 94 40 34 20 69 51 6 85 68 77 21 75 55 22 82 67 70 46 25 62 76 7 17 35 19 87 45 88 79 86 12 93 74 89 96 71 30 47 60 44 28 53 13 97 41 83 61 15 10 3 16 24 38 84 2 9 64 99 18 4 42 0 54 37 66 56 72 90 11 39 36 5 95 52 81 58 80 50 8 23 98 65 92 49 31 33 43 57 63 48 27 59 73 26 78 91 32 
TEST 94 ARG:94 21 6 34 19 54 5 40 67 77 20 63 3 33 30 83 46 7 93 86 91 60 62 89 48 38 55 59 99 65 85 35 57 26 28 2 9 61 52 12 43 66 98 45 18 15 11 73 50 14 56 1 71 22 8 75 64 39 95 10 32 47 88 31 29 16 96 36 53 25 92 37 80 23 97 72 44 24 82 0 49 27 76 69 68 74 17 87 4 79 78 13 84 51 81 90 58 42 41 70 
TEST 95 ARG:58 65 96 36 38 74 19 26 83 82 62 79 32 34 30 46 60 45 42 23 31 43 1 21 20 6 41 68 56 61 94 66 67 57 8 9 53 97 55 98 14 90 12 93 22 37 85 3 89 72 29 2 28 88 63 92 71 80 16 52 64 39 15 78 25 81 77 49 40 91 70 5 95 76 84 73 13 87 24 54 35 33 10 18 7 0 17 44 47 51 59 50 4 86 48 27 11 99 69 75 
TEST 96 ARG:6 32 1 57 27 5 78 68 26 42 47 73 97 82 58 52 33 8 99 66 85 41 89 93 43 67 50 13 48 35 7 79 51 0 30 22 12 34 39 37 83 36 90 72 38 76 3 19 46 53 95 18 64 59 15 28 88 49 98 55 56 14 23 29 63 40 62 25 31 86 96 54 2 61 71 74 70 94 44 17 65 16 87 4 69 75 84 92 60 80 45 81 10 77 11 91 20 21 24 9 
TEST 97 ARG:58 62 39 36 35 56 70 86 25 19 7 73 98 17 76 69 11 75 23 10 16 60 38 4 84 87 77 15 64 32 79 5 29 55 9 78 97 90 14 44 81 12 54 34 74 6 18 45 22 80 43 65 3 85 99 48 21 41 30 53 89 93 26 31 2 33 67 63 0 92 59 46 68 61 95 66 47 71 88 49 8 51 20 1 40 52 42 82 28 96 13 57 72 91 94 37 83 50 27 24 
TEST 98 ARG:63 89 28 55 16 49 14 22 29 19 96 12 56 69 99 23 92 65 5 37 67 52 64 90 98 60 48 39 58 97 76 8 31 32 21 43 34 91 82 36 61 66 72 46 11 88 9 53 41 2 74 85 50 44 86 93 95 71 33 10 83 24 42 62 79 80 13 51 7 94 20 4 84 25 47 73 59 38 1 77 6 35 78 54 81 0 18 40 3 27 87 26 15 30 17 75 68 45 57 70 
TEST 99 ARG:92 75 4 51 64 39 53 70 19 94 26 95 34 87 49 74 96 93 46 28 57 52 36 58 83 85 78 22 21 89 2 3 33 73 18 68 66 42 65 30 31 72 99 56 91 90 54 61 45 41 81 79 8 5 16 7 80 1 48 10 20 12 77 63 43 98 59 24 25 9 71 82 37 17 76 67 62 47 14 97 29 15 23 32 55 60 6 27 0 44 50 38 69 86 88 35 84 40 11 13 
TEST 100 ARG:68 19 54 98 91 74 30 60 71 64 1 80 78 77 67 88 21 58 26 72 57 59 12 4 70 36 45 7 92 10 3 75 85 5 8 83 24 43 13 82 47 44 46 23 93 69 34 76 18 56 16 50 17 52 73 42 41 63 22 14 86 90 39 0 31 96 11 62 66 35 61 65 9 27 32 79 94 15 40 49 95 37 53 33 97 29 20 55 2 6 81 48 51 25 38 28 99 89 87 84 
TEST 101 ARG:40 36 58 50 72 62 81 24 31 17 2 51 32 73 39 15 41 42 88 92 11 28 29 6 84 12 63 86 25 61 19 23 60 44 46 75 38 64 8 27 56 90 30 66 76 3 67 69 89 5 55 4 70 93 48 99 1 68 22 91 49 13 59 79 78 43 53 34 18 94 0 37 74 52 26 33 20 9 54 21 87 85 14 96 82 98 71 10 35 80 47 57 97 16 45 95 77 7 83 65 
TEST 102 ARG:61 31 83 42 4 73 88 84 3 89 6 95 22 7 36 14 96 76 13 97 34 29 40 23 27 60 25 86 82 35 53 71 98 44 67 90 15 75 9 11 38 48 24 47 20 17 54 39 85 58 5 99 66 49 52 62 93 50 30 57 12 55 78 77 19 72 2 59 37 92 41 28 51 64 87 63 69 74 70 65 68 10 26 18 21 80 56 91 8 43 46 45 32 81 33 0 79 1 16 94 
TEST 103 ARG:2 94 35 0 57 28 78 48 83 22 9 71 96 63 59 7 15 42 81 87 33 19 77 90 18 16 36 12 86 45 53 38 1 17 27 82 8 6 95 72 93 3 73 99 26 37 51 50 34 13 24 91 74 55 64 4 60 11 5 84 43 98 97 10 52 85 76 54 79 21 58 23 89 14 69 70 68 31 49 29 88 46 65 75 47 25 20 32 62 44 41 92 67 40 30 80 66 39 56 61 
TEST 104 ARG:68 50 6 79 42 88 23 99 38 19 9 96 65 43 41 2 94 36 91 7 16 89 73 54 70 69 55 29 61 14 4 82 24 46 60 27 95 87 48 31 78 12 26 18 0 17 30 92 1 71 72 75 62 34 35 25 28 93 39 3 53 47 97 11 59 64 49 85 90 77 83 45 32 15 86 98 66 5 52 56 80 51 37 67 33 13 76 22 84 58 10 44 81 63 8 57 40 74 21 20 
TEST 105 ARG:2 1 58 65 6 91 85 44 41 81 0 37 61 20 3 36 84 88 62 79 43 63 93 27 47 35 83 15 12 53 25 19 54 74 10 45 59 9 75 50 92 69 33 66 7 13 21 24 67 82 14 68 18 99 96 8 34 28 17 4 31 42 77 30 32 64 22 60 72 70 90 76 51 80 57 40 89 94 46 49 39 29 87 52 71 55 5 95 38 86 73 26 48 56 11 98 78 23 16 97 
TEST 106 ARG:61 11 0 1 52 35 56 41 87 26 76 86 98 99 31 54 70 95 29 21 46 74 24 27 63 93 84 5 69 90 3 12 66 36 49 47 13 77 30 37 42 16 40 44 15 4 60 34 53 91 79 48 62 75 59 94 8 43 2 78 67 25 18 22 32 83 20 96 57 39 38 72 85 9 64 6 58 82 68 10 51 7 80 55 19 65 88 28 89 23 33 45 92 14 97 50 17 81 71 73 
TEST 107 ARG:84 76 19 9 65 77 3 32 59 70 14 27 86 66 39 73 48 63 69 93 89 0 13 64 92 57 90 24 12 22 1 97 55 74 36 87 52 53 21 51 20 95 88 46 44 16 38 31 62 61 78 25 80 71 2 29 85 23 17 15 41 26 91 6 99 8 98 40 18 30 10 79 56 11 49 33 42 94 4 50 67 82 58 72 68 60 35 37 83 47 75 5 96 34 7 81 54 28 45 43 
TEST 108 ARG:41 34 58 72 6 38 85 43 28 55 19 29 57 35 98 2 60 76 87 50 26 68 32 83 82 79 4 11 10 37 78 17 75 13 52 94 5 59 67 54 9 77 40 74 99 48 49 51 70 25 15 62 0 14 69 66 97 64 16 1 61 45 27 80 65 56 73 42 21 96 39 81 84 88 24 63 30 71 23 3 90 7 20 53 44 36 12 22 93 95 18 8 86 92 89 33 91 46 31 47 
TEST 109 ARG:22 60 89 37 95 44 96 87 76 77 35 42 36 18 24 9 73 94 46 93 48 23 51 63 74 12 68 72 80 78 52 47 75 29 3 16 69 39 92 5 58 88 79 57 53 1 17 56 27 45 2 97 7 59 86 43 82 38 25 14 0 99 64 15 26 32 10 81 71 54 83 31 62 65 33 49 90 70 13 98 84 20 41 85 91 61 66 55 28 50 6 11 40 30 67 19 4 34 21 8 
TEST 110 ARG:64 60 28 72 25 51 87 78 19 67 0 4 94 96 43 38 99 39 35 24 45 16 21 41 52 48 97 14 54 30 77 70 12 44 57 13 1 37 3 42 66 65 9 75 73 63 88 93 20 71 92 74 61 98 53 90 68 62 95 32 76 34 82 46 33 55 40 83 8 23 6 29 80 85 86 59 27 15 10 36 79 7 22 2 17 11 69 5 50 18 47 49 58 89 84 31 26 91 81 56 
TEST 111 ARG:94 74 34 70 93 22 46 18 84 11 35 66 80 2 9 45 40 65 33 39 30 31 49 12 91 87 83 17 64 28 56 69 14 13 3 16 88 47 0 52 76 59 48 6 23 61 72 68 10 25 20 90 5 77 97 98 8 41 81 57 73 53 86 7 62 75 58 27 99 44 42 26 79 95 92 29 63 50 71 32 19 36 67 43 21 38 78 60 4 51 24 55 1 96 85 89 54 15 37 82 
TEST 112 ARG:67 45 57 97 14 17 87 52 94 85 89 34 32 40 78 83 90 11 46 1 63 62 84 15 47 56 8 12 3 69 6 71 79 28 73 43 48 65 76 0 19 20 72 93 13 70 41 2 23 51 37 53 38 58 61 96 4 68 33 30 31 80 5 29 44 7 42 75 9 64 95 49 25 24 39 59 26 10 27 35 60 16 18 55 88 36 82 66 54 74 99 81 50 86 77 91 21 98 22 92 
TEST 113 ARG:81 18 9 86 83 49 72 63 50 42 65 54 61 29 70 19 60 21 25 23 69 51 55 31 30 4 7 53 41 77 92 45 58 14 24 90 67 56 33 71 73 39 8 47 52 84 38 22 36 62 17 35 64 13 85 57 97 87 10 98 96 20 89 3 75 46 66 80 15 76 32 68 82 59 95 94 88 37 12 93 2 44 26 11 40 16 78 6 79 1 28 0 74 91 48 27 5 99 43 34 
TEST 114 ARG:28 91 74 89 36 2 10 30 51 99 48 96 19 56 77 29 72 17 60 92 83 31 47 80 0 98 23 59 34 15 52 12 65 94 14 6 86 73 38 3 35 70 46 45 49 27 7 66 1 62 20 4 93 84 11 16 90 58 57 95 71 39 63 33 44 85 37 67 69 76 24 79 42 75 82 68 40 21 13 97 55 5 54 78 61 88 53 43 22 64 18 8 50 26 32 9 41 25 81 87 
TEST 115 ARG:77 48 37 38 41 53 13 67 39 84 86 14 55 25 5 33 2 64 8 78 49 74 60 73 69 21 43 99 65 19 0 23 4 47 22 29 52 71 45 72 50 16 28 59 15 34 81 42 96 6 83 17 54 18 76 27 12 89 10 91 20 30 90 56 35 94 68 85 9 46 75 61 95 92 63 32 98 88 11 40 7 24 79 66 58 80 93 51 97 57 44 70 1 26 3 31 62 87 36 82 
TEST 116 ARG:94 24 35 25 40 48 15 18 41 56 86 85 92 28 11 19 77 44 20 64 45 62 81 30 65 74 99 1 93 0 14 88 83 76 96 53 7 31 75 5 4 80 55 49 27 21 97 6 26 39 50 71 61 47 33 10 54 98 57 32 34 43 73 16 78 95 9 58 13 87 51 91 59 46 17 67 68 72 22 29 90 84 3 42 79 37 52 82 2 8 70 23 69 60 38 12 36 63 66 89 
TEST 117 ARG:0 17 80 48 7 65 22 56 40 41 9 37 89 94 82 42 81 32 49 44 74 19 87 90 34 50 93 71 10 83 62 30 15 35 18 16 91 2 61 24 46 77 75 45 58 67 5 1 88 52 12 31 64 66 79 92 39 78 86 73 96 20 99 51 6 70 95 33 25 43 57 59 97 69 72 27 54 98 23 26 11 21 76 8 63 14 36 28 13 85 47 68 29 53 4 55 84 38 60 3 
TEST 118 ARG:22 62 45 27 17 70 12 52 53 32 85 84 89 18 9 42 5 75 77 73 88 46 13 57 10 94 40 47 54 65 16 63 60 34 79 68 41 44 83 1 58 56 90 4 50 31 11 72 80 0 61 69 6 97 33 99 15 8 19 28 38 82 24 2 78 91 71 23 25 96 92 64 48 30 14 20 67 7 26 74 95 49 21 87 35 98 43 36 37 81 86 3 29 76 39 59 51 66 93 55 
TEST 119 ARG:42 80 59 99 57 95 9 77 72 58 14 21 44 52 20 50 69 35 24 46 18 67 51 54 40 13 65 92 3 56 2 45 53 16 63 33 5 91 75 55 90 70 29 81 11 76 68 96 4 26 39 0 34 32 37 86 79 73 17 12 71 28 30 19 98 36 8 78 60 94 88 10 66 61 22 43 97 85 82 49 84 48 15 47 83 93 7 6 64 31 25 23 62 74 89 87 27 38 41 1 
TEST 120 ARG:47 41 8 6 42 38 63 30 52 21 79 35 34 1 46 23 3 71 14 74 70 88 10 28 16 85 72 62 89 9 45 50 60 49 78 48 13 40 11 39 77 18 43 20 56 84 90 87 0 36 75 76 96 98 37 53 19 73 25 99 31 32 65 12 61 15 67 26 51 66 33 27 58 69 82 54 83 97 91 64 93 5 22 24 57 68 29 81 80 92 94 17 2 59 4 44 7 95 86 55 
TEST 121 ARG:48 47 8 0 4 59 57 11 38 71 33 81 19 53 96 46 2 79 39 20 77 74 49 37 72 3 36 80 21 94 99 34 60 87 83 67 78 12 69 18 35 62 63 29 28 82 25 6 45 50 42 40 13 10 58 43 95 61 23 84 7 90 86 73 31 70 22 65 92 14 76 24 51 26 85 91 98 27 75 68 89 1 44 88 54 15 64 93 55 97 30 41 9 52 17 56 5 66 16 32 
TEST 122 ARG:41 11 9 38 10 13 40 34 26 44 27 99 32 6 30 82 56 15 43 76 49 70 72 36 20 47 98 55 54 75 31 58 19 14 7 77 62 29 3 4 78 93 8 86 69 52 1 89 35 80 94 65 45 57 92 5 87 17 61 33 83 97 64 51 68 23 67 0 2 16 91 88 50 96 25 46 28 63 90 22 81 24 79 53 18 84 66 85 74 48 12 59 71 60 21 42 95 39 37 73 
TEST 123 ARG:11 34 62 49 28 87 88 19 8 64 71 5 20 83 15 65 89 48 23 7 1 41 91 76 79 40 99 78 75 50 42 17 61 53 96 54 92 6 84 51 66 22 21 30 81 2 18 70 46 60 72 59 58 74 68 52 37 55 12 69 29 82 97 95 10 9 44 67 73 86 47 24 39 25 31 98 45 32 94 0 56 14 27 77 57 26 38 36 93 16 63 85 90 33 4 43 80 35 13 3 
TEST 124 ARG:37 9 16 5 68 11 20 65 76 40 2 87 72 67 30 0 3 10 14 38 34 22 24 73 58 62 15 28 39 33 49 54 80 53 46 99 77 61 70 7 98 85 55 23 64 66 94 25 56 79 50 48 71 6 45 36 47 43 32 93 12 84 59 35 74 89 17 31 75 81 86 52 41 4 19 8 63 29 42 96 44 82 57 51 88 69 27 95 78 18 21 92 13 90 26 60 91 97 83 1 
TEST 125 ARG:15 71 48 16 32 38 63 52 14 50 24 37 86 27 90 55 82 56 39 17 36 23 34 97 92 46 5 33 6 25 19 81 69 79 8 30 77 72 93 54 57 10 43 67 74 20 47 7 96 99 80 60 98 65 61 51 26 62 76 75 42 31 41 66 45 94 78 28 1 59 64 29 73 49 53 11 89 35 85 0 12 3 40 70 58 18 21 9 22 4 2 84 87 91 95 44 68 83 13 88 
TEST 126 ARG:91 47 57 73 17 7 9 51 46 83 72 48 53 28 11 86 18 99 78 23 70 68 59 90 54 26 20 4 27 25 93 8 37 34 36 49 85 1 3 56 84 80 67 29 0 14 76 12 21 42 45 62 32 10 13 2 87 74 96 15 94 77 38 61 92 50 39 79 88 52 35 58 71 22 33 24 69 19 6 44 43 66 89 30 41 31 64 55 75 5 16 98 81 40 60 82 63 65 97 95 
TEST 127 ARG:68 25 17 80 29 6 62 31 44 73 51 35 90 27 54 42 95 36 72 4 34 60 46 87 24 83 98 38 9 22 32 49 76 85 92 71 52 2 43 81 99 64 70 66 16 89 63 97 37 65 30 57 13 48 7 11 79 58 59 41 23 67 5 96 10 18 15 69 74 84 19 75 1 88 93 82 77 94 47 56 28 8 78 0 45 53 3 33 26 86 40 21 91 14 55 50 61 12 20 39 
TEST 128 ARG:10 31 94 93 1 13 8 79 32 30 42 20 6 26 16 38 50 74 18 49 57 36 2 37 35 98 60 90 53 76 39 45 75 43 67 85 12 84 44 59 95 17 27 87 40 47 73 62 77 58 81 15 70 21 11 5 82 52 66 7 68 28 14 9 34 99 96 24 3 64 89 65 61 22 4 56 48 33 29 0 92 83 63 25 97 91 69 78 23 46 55 41 19 86 71 72 88 51 80 54 
TEST 129 ARG:55 66 54 4 33 80 97 31 42 63 7 40 88 74 46 0 60 61 57 9 73 32 53 69 77 96 83 44 92 99 27 59 95 50 82 39 14 75 76 5 48 25 6 43 11 98 85 67 58 8 34 17 37 81 18 78 36 91 29 41 12 10 30 3 23 87 2 49 38 62 16 35 71 13 45 64 84 1 70 28 79 65 89 24 26 22 47 93 21 72 20 51 56 15 52 86 90 94 68 19 
TEST 130 ARG:8 45 73 87 59 58 54 21 52 91 34 97 46 50 44 49 33 56 76 62 83 18 66 90 94 68 14 69 78 64 79 96 80 25 92 95 51 15 3 32 65 23 37 82 40 9 61 35 81 41 22 98 11 53 55 16 67 77 48 42 38 84 93 5 36 12 20 0 74 89 13 86 17 26 7 72 85 27 10 63 31 47 57 28 30 2 60 75 88 19 1 99 4 24 70 71 29 43 39 6 
TEST 131 ARG:63 64 80 47 82 11 29 32 43 18 73 94 37 85 9 44 81 78 4 24 13 71 99 95 3 86 58 59 87 14 0 21 6 74 26 52 83 20 8 69 40 49 12 93 33 90 36 65 70 56 31 38 61 2 16 17 15 60 22 28 25 97 98 42 72 88 27 79 54 34 46 5 68 30 7 96 66 77 57 62 39 23 92 55 75 89 76 84 50 10 48 35 53 1 67 91 51 19 45 41 
TEST 132 ARG:0 53 61 9 4 78 15 37 25 68 98 10 38 67 14 81 73 51 85 45 49 6 5 55 72 74 11 63 27 33 76 84 35 21 75 77 99 86 46 7 31 39 32 23 92 54 56 71 47 60 50 82 66 69 16 29 41 79 52 22 87 2 43 65 94 93 96 3 12 44 20 62 1 97 40 24 17 83 58 70 34 64 57 90 26 91 13 19 95 59 8 89 36 28 42 48 30 18 88 80 
TEST 133 ARG:98 40 95 17 20 11 15 10 57 88 96 47 45 18 39 60 8 53 30 33 59 69 27 5 21 6 62 36 61 83 92 16 4 14 50 46 55 64 58 31 56 41 44 78 75 48 87 7 70 65 35 76 91 22 0 28 93 99 68 13 37 25 71 94 2 81 24 1 73 82 77 29 86 80 43 52 66 51 19 85 42 12 9 3 79 23 84 38 74 97 49 32 72 89 90 63 26 54 34 67 
TEST 134 ARG:27 8 75 85 82 98 34 86 36 22 88 44 6 87 32 95 50 91 15 24 94 28 13 74 61 66 7 11 16 10 76 49 21 26 92 71 72 38 17 69 3 12 43 1 40 4 46 47 80 0 63 70 62 9 48 45 64 51 53 90 56 55 60 99 42 18 96 52 58 39 19 89 84 35 79 81 30 29 83 57 41 23 37 65 59 54 78 25 93 33 2 68 20 14 77 73 97 5 31 67 
TEST 135 ARG:54 19 65 4 37 62 36 76 93 70 27 8 0 63 2 11 66 48 6 53 41 3 59 25 13 56 86 33 42 75 12 51 38 60 97 30 16 52 21 39 58 92 17 85 99 57 80 18 34 20 96 40 45 68 64 50 72 73 22 44 84 43 87 29 5 89 61 69 77 10 82 67 88 49 71 79 46 74 95 14 98 35 7 24 83 91 90 94 31 26 9 78 28 81 23 15 1 32 55 47 
TEST 136 ARG:24 34 27 79 41 62 12 35 53 77 33 38 45 76 30 54 66 37 22 82 85 15 94 52 51 26 32 80 63 3 20 21 59 71 18 36 48 55 60 64 98 11 2 40 57 95 8 31 56 9 69 91 87 74 23 96 67 73 16 28 83 58 13 39 99 92 44 43 25 0 81 1 19 88 49 42 46 47 72 68 50 84 78 14 70 90 4 75 93 65 5 10 6 7 86 17 61 97 89 29 
TEST 137 ARG:57 74 92 95 49 87 40 20 86 68 97 7 33 37 50 42 16 94 85 80 36 24 52 83 96 15 14 8 43 25 27 58 78 76 91 26 39 35 82 28 64 23 47 11 34 2 31 46 75 22 77 90 65 59 62 19 73 54 79 18 0 67 93 72 84 88 32 30 48 10 29 99 12 66 53 6 56 61 63 9 60 41 70 5 45 17 21 69 3 4 81 89 38 98 13 1 51 71 44 55 
TEST 138 ARG:63 54 87 20 18 34 79 85 53 17 59 26 98 24 48 39 5 89 93 74 23 67 10 75 40 22 28 61 37 62 55 38 45 13 0 27 65 78 43 33 82 56 30 90 95 15 16 60 9 81 1 46 96 49 77 57 2 25 64 41 3 88 35 47 69 31 36 73 70 68 19 84 99 50 44 72 11 52 76 12 66 51 80 91 42 14 97 21 32 29 86 6 4 58 83 92 8 94 71 7 
TEST 139 ARG:1 43 77 92 72 13 87 65 32 23 2 52 90 17 98 62 42 57 46 83 79 71 94 59 73 37 55 21 56 26 78 91 11 40 61 85 97 4 49 50 8 16 60 14 29 75 35 38 68 81 22 64 84 99 0 18 31 88 63 47 67 44 69 51 33 58 19 12 93 15 54 48 89 41 96 30 7 10 39 36 25 66 24 70 28 74 20 80 86 76 45 9 27 95 82 34 6 5 3 53 
TEST 140 ARG:84 16 22 50 19 11 34 51 55 4 20 88 57 53 99 23 8 91 44 75 78 41 42 35 80 2 12 28 72 13 95 90 62 76 3 63 36 54 83 74 0 24 64 30 67 32 39 27 49 96 85 68 9 98 21 1 66 52 93 47 46 86 65 45 33 97 26 59 89 7 48 92 61 29 94 15 14 87 17 18 38 43 70 77 71 58 81 31 73 5 69 6 25 79 37 40 82 56 10 60 
TEST 141 ARG:39 2 98 95 66 42 38 69 84 49 79 22 70 72 55 17 77 62 3 78 26 53 12 47 27 83 11 56 97 99 16 51 71 18 41 25 58 89 37 54 61 57 68 28 88 75 8 1 92 36 50 6 81 86 96 5 93 15 7 46 20 91 9 13 31 80 29 64 35 14 73 90 10 40 33 65 43 21 45 74 34 19 52 60 76 85 59 32 67 82 24 48 30 23 44 63 0 4 87 94 
TEST 142 ARG:31 66 82 95 51 47 83 19 99 38 35 59 70 96 72 69 57 50 91 75 84 42 54 1 65 28 36 56 48 33 29 11 32 98 15 86 16 18 25 14 88 6 5 41 93 10 74 61 39 60 30 37 79 68 53 81 34 21 62 27 49 24 26 73 89 87 76 46 4 17 7 90 23 3 94 13 71 44 40 12 67 92 45 43 77 58 8 63 9 22 0 2 20 78 55 80 97 64 52 85 
TEST 143 ARG:9 15 98 64 80 30 68 83 76 67 6 38 84 17 35 1 26 51 62 86 33 93 25 14 55 78 94 44 91 36 61 20 32 58 21 39 29 89 13 82 10 48 40 18 56 60 0 52 4 66 3 57 63 42 90 88 37 47 75 2 99 43 41 77 54 72 53 23 12 70 87 49 28 71 45 85 34 5 22 24 11 96 16 97 46 27 8 79 74 50 31 19 81 65 7 92 69 95 59 73 
TEST 144 ARG:89 40 11 37 39 28 65 9 67 73 91 14 16 48 1 24 43 79 71 58 18 60 74 66 83 3 46 32 38 88 23 53 87 21 69 81 27 42 76 19 30 49 7 54 64 50 0 75 59 85 45 63 96 47 2 12 33 52 26 25 57 31 4 41 36 72 22 62 70 13 82 68 55 5 34 17 35 92 15 84 93 94 61 97 98 6 10 29 56 86 44 95 20 8 90 77 80 78 99 51 
TEST 145 ARG:41 21 34 82 93 12 25 55 67 74 24 46 3 75 0 20 81 35 13 90 37 58 36 23 9 66 61 8 45 48 64 17 28 88 79 98 6 42 68 4 69 40 31 44 96 52 51 14 57 38 49 1 19 54 71 95 85 80 26 72 2 78 92 83 65 18 7 60 29 11 50 89 5 87 59 15 32 56 94 22 73 97 91 16 43 86 70 39 63 47 84 99 30 77 33 27 76 62 10 53 
TEST 146 ARG:95 82 69 26 9 16 8 29 4 65 96 35 12 74 52 34 97 20 99 1 27 43 7 60 87 21 70 13 73 57 19 54 47 10 93 40 0 6 46 18 2 94 48 42 32 76 50 80 72 55 33 78 68 28 63 37 75 81 41 44 61 5 31 88 71 86 39 25 90 79 51 58 14 38 85 11 24 45 91 83 59 62 66 92 64 3 77 22 53 30 36 89 84 67 15 98 49 56 17 23 
TEST 147 ARG:39 1 25 30 82 11 78 76 70 45 27 65 35 33 58 46 9 67 28 50 7 49 80 55 24 86 97 4 13 66 42 61 93 89 87 22 20 0 10 51 85 90 99 15 60 53 36 64 57 54 40 72 48 14 44 23 95 81 31 17 63 83 6 41 18 37 47 32 43 38 75 98 74 2 79 34 68 21 16 19 12 62 29 73 71 5 69 96 59 94 88 56 91 52 8 26 92 3 77 84 
TEST 148 ARG:16 83 48 65 76 77 51 80 43 88 75 35 82 4 1 98 96 50 36 18 29 37 59 87 10 28 70 95 21 58 17 15 53 63 61 54 69 46 27 14 7 71 97 13 85 2 40 9 5 38 72 78 0 22 39 66 86 20 74 8 99 84 92 56 3 68 93 25 41 90 11 32 44 60 57 42 64 30 19 89 79 23 12 47 45 81 62 67 34 94 55 91 6 24 73 49 52 33 31 26 
TEST 149 ARG:94 17 12 90 78 33 7 26 56 96 72 97 20 63 38 77 81 11 4 19 64 75 54 31 14 39 62 0 48 29 85 6 24 40 76 66 23 60 9 45 25 79 58 13 84 91 68 89 98 71 41 16 92 47 88 49 34 80 36 74 28 8 73 86 44 27 65 59 43 87 42 99 30 3 1 50 93 5 32 67 10 83 21 22 51 46 15 57 69 55 52 18 61 82 2 35 37 95 53 70 
TEST 150 ARG:96 63 49 90 25 7 75 61 76 12 15 74 11 1 99 43 16 98 62 83 58 80 22 70 14 84 45 88 28 24 57 39 60 64 27 47 10 93 73 38 33 29 4 37 46 66 77 41 32 20 18 40 69 31 78 0 54 85 34 94 3 48 26 5 67 36 81 51 23 95 50 87 30 97 72 59 13 92 6 89 52 21 44 2 79 55 35 42 53 68 91 86 8 17 82 56 65 19 71 9 
TEST 151 ARG:6 46 32 18 93 51 87 52 0 81 20 31 96 70 27 64 91 13 83 17 34 44 90 94 79 36 19 42 76 3 77 61 29 84 49 16 47 69 55 7 12 1 85 25 66 65 89 59 30 4 92 11 45 73 75 63 82 54 38 39 67 60 33 41 99 98 58 50 14 88 5 57 9 10 24 72 68 37 97 22 80 74 2 15 48 71 28 8 56 40 53 43 62 78 26 86 35 23 21 95 
TEST 152 ARG:0 45 59 99 52 8 31 80 81 70 35 32 21 39 76 42 2 86 98 51 18 55 97 56 77 65 19 47 94 61 90 13 16 78 25 6 71 68 62 43 23 95 92 69 88 26 57 82 49 33 14 28 75 20 53 46 37 40 72 30 74 83 64 29 11 89 3 24 9 38 84 27 1 5 50 91 34 41 87 22 36 85 48 15 63 93 17 4 12 96 60 10 79 58 54 44 73 66 67 7 
TEST 153 ARG:93 1 57 82 89 48 59 20 22 52 26 94 64 43 74 15 23 19 42 61 88 75 35 87 18 85 9 21 30 38 80 60 76 86 99 46 3 98 40 73 78 41 39 58 24 84 14 62 8 13 7 37 28 54 72 12 6 51 96 2 45 95 55 66 53 44 97 17 65 81 63 56 91 5 67 69 4 68 0 92 36 70 16 34 49 90 27 11 33 29 47 83 10 32 77 50 25 71 31 79 
TEST 154 ARG:87 34 62 44 82 35 25 24 41 21 59 86 23 4 16 48 31 71 76 19 67 81 38 40 95 54 60 37 45 20 72 55 56 61 70 13 17 96 2 3 47 98 15 29 26 84 6 66 5 91 97 22 88 32 11 64 52 42 79 69 28 8 33 78 58 0 92 7 43 36 49 63 68 30 1 12 14 83 18 89 53 39 93 85 77 99 50 9 46 51 65 10 74 73 90 94 75 80 57 27 
TEST 155 ARG:9 18 59 34 40 0 98 20 33 55 1 37 36 43 78 19 17 57 73 56 67 32 3 93 88 86 90 44 47 12 22 97 31 75 82 54 85 91 13 62 58 60 89 48 61 92 71 5 16 83 69 21 50 15 66 41 51 24 25 53 6 30 99 38 14 63 76 79 29 68 49 10 74 64 23 35 39 27 52 81 70 96 84 11 2 4 94 87 46 7 45 8 65 42 72 77 95 26 80 28 
TEST 156 ARG:52 12 49 60 67 3 5 42 19 53 58 97 50 1 30 17 69 99 4 43 95 71 86 83 94 90 23 62 15 40 79 51 92 28 64 89 38 36 56 18 32 7 8 72 66 61 37 85 82 73 47 20 21 0 33 27 9 11 91 76 81 77 68 31 10 34 14 78 75 88 57 6 55 29 22 35 48 98 16 80 26 74 45 54 41 25 39 2 93 87 65 96 63 59 84 70 46 13 24 44 
TEST 157 ARG:32 9 96 99 20 26 66 78 24 56 82 53 77 16 85 11 19 58 6 57 60 97 37 76 73 2 44 79 55 72 18 71 28 89 7 47 75 8 0 95 84 52 51 88 65 43 17 34 98 69 74 5 22 80 15 93 14 3 38 39 25 1 36 27 33 68 31 90 67 81 63 59 86 48 42 41 87 35 61 13 92 4 49 21 45 30 54 94 10 91 29 64 62 83 40 23 46 50 12 70 
TEST 158 ARG:41 91 16 59 50 80 31 29 1 54 78 62 86 33 64 55 22 57 73 85 27 84 24 95 53 23 97 92 77 26 15 39 9 89 74 32 68 99 67 66 98 51 83 34 72 56 13 18 17 65 28 43 96 11 87 3 49 42 75 40 5 8 71 61 45 20 7 94 38 19 79 48 70 63 82 90 69 10 30 52 0 88 36 58 35 6 44 21 2 47 46 12 60 81 76 93 14 37 25 4 
TEST 159 ARG:63 32 40 48 54 97 5 59 52 55 71 39 68 72 95 93 18 70 58 11 38 12 62 35 4 30 28 49 45 84 53 3 21 94 50 92 44 89 83 91 65 73 31 90 79 76 24 8 0 15 51 87 56 14 6 80 60 13 16 98 75 7 20 69 88 66 41 22 26 78 46 23 29 57 17 33 36 74 43 77 82 9 67 64 34 99 61 10 42 27 37 47 85 2 25 96 19 86 1 81 
TEST 160 ARG:36 81 11 73 41 93 64 28 68 19 26 14 45 48 86 4 32 97 85 18 54 67 21 96 20 74 82 1 2 42 47 65 22 3 16 79 50 44 71 63 52 59 17 60 38 89 51 77 46 78 37 76 99 57 35 15 72 49 75 83 61 24 13 92 10 9 58 12 25 62 87 0 27 53 56 90 43 40 95 94 98 69 33 6 88 70 91 7 39 5 66 34 84 23 55 31 80 8 29 30 
TEST 161 ARG:61 14 45 72 34 40 63 98 95 77 8 78 55 28 84 49 0 86 4 30 92 56 47 51 42 80 38 68 53 29 37 5 21 32 57 25 79 41 99 76 67 69 62 17 50 66 44 24 81 43 26 13 22 74 54 85 23 12 10 82 52 18 64 20 88 71 36 93 46 35 59 73 1 70 9 2 19 87 65 75 58 97 83 6 90 31 15 91 11 39 16 89 96 27 3 33 48 7 94 60 
TEST 162 ARG:19 25 66 60 45 90 28 79 55 2 67 98 78 49 72 50 7 13 23 74 88 93 27 51 18 21 61 57 94 6 47 34 59 63 76 11 4 31 26 84 70 0 58 14 87 96 64 81 20 10 17 22 41 33 53 80 52 97 65 89 5 24 1 46 15 29 62 3 73 83 91 44 85 92 9 56 40 48 16 82 12 95 77 30 71 37 42 75 35 39 68 38 8 69 32 99 86 54 36 43 
TEST 163 ARG:99 10 53 85 64 79 36 74 46 26 20 18 68 23 22 55 13 19 73 1 14 78 69 60 94 3 80 34 95 29 4 27 45 54 81 25 82 40 71 93 96 97 33 88 87 37 49 17 57 2 51 28 83 12 56 7 44 62 15 43 77 0 84 70 91 59 76 90 86 21 67 30 11 50 63 89 92 24 48 9 5 16 32 72 47 52 58 35 42 61 66 39 65 31 98 6 75 38 41 8 
TEST 164 ARG:75 20 3 16 5 13 96 63 59 65 48 98 85 17 67 95 21 92 83 41 14 26 32 49 10 50 88 56 35 55 74 87 97 7 57 77 18 39 52 90 64 9 6 33 8 19 0 58 29 34 46 1 53 22 4 71 79 89 94 62 60 30 72 31 43 24 73 80 84 81 54 37 69 51 28 11 15 2 44 61 91 45 86 66 42 36 82 70 38 76 93 78 12 23 25 47 40 27 99 68 
TEST 165 ARG:50 1 17 45 38 30 41 96 6 66 21 68 18 63 8 76 73 98 43 7 3 28 51 25 0 55 84 14 57 40 27 5 95 2 42 44 15 36 62 78 48 11 97 54 19 82 61 31 67 29 85 24 33 77 94 56 4 59 92 10 72 53 35 64 60 86 70 58 47 79 81 13 39 80 34 71 52 9 90 23 99 32 88 37 22 75 49 74 26 83 12 69 65 93 87 20 89 46 16 91 
TEST 166 ARG:15 2 80 47 68 97 42 1 30 77 40 58 63 35 29 26 3 83 24 65 84 34 59 81 6 91 32 25 4 66 51 18 67 70 39 72 93 89 54 88 43 0 69 78 60 14 33 31 36 7 95 44 55 45 56 61 92 28 76 48 90 46 13 52 37 64 85 19 41 50 11 49 10 74 62 17 96 53 82 73 94 20 98 71 9 87 16 21 57 8 79 27 86 38 75 23 99 12 5 22 
TEST 167 ARG:56 48 87 32 30 53 91 65 47 44 21 63 93 62 1 89 69 27 94 98 39 84 42 43 15 66 97 71 28 8 41 17 10 5 90 34 25 99 95 82 79 16 37 75 22 4 86 60 31 38 9 0 81 70 46 67 12 33 88 68 61 23 57 77 18 36 92 78 24 7 14 20 76 55 74 29 13 73 83 51 52 19 40 35 6 64 49 50 54 3 59 2 26 96 85 72 11 58 45 80 
TEST 168 ARG:34 82 47 14 53 36 96 61 70 55 88 49 98 93 58 74 91 30 44 90 78 5 9 37 31 83 80 28 23 97 57 45 18 69 94 13 67 54 42 85 0 17 73 71 77 51 20 26 32 40 95 86 4 56 39 16 92 66 24 48 64 63 38 72 11 8 87 27 25 76 43 52 22 3 33 1 41 99 12 68 81 75 62 60 35 50 65 21 59 29 10 79 84 7 15 89 6 19 2 46 
TEST 169 ARG:45 56 2 79 13 87 54 58 52 95 3 94 9 69 80 53 11 34 20 90 76 38 75 37 67 1 57 51 96 91 26 8 86 5 24 30 35 27 19 15 49 36 93 73 33 44 4 83 39 99 66 63 77 59 12 16 88 72 17 28 40 70 6 68 61 74 78 82 50 97 98 60 7 14 18 71 81 29 23 46 85 89 47 21 43 62 31 25 0 92 64 22 84 41 10 55 32 42 48 65 
TEST 170 ARG:95 35 21 90 33 57 32 29 73 19 56 70 30 23 43 34 59 65 86 4 82 53 79 10 24 3 47 42 45 46 20 77 91 41 76 66 89 84 71 83 37 64 14 54 80 61 72 25 44 62 7 99 27 26 2 50 88 51 22 5 9 40 74 18 38 15 85 69 0 67 31 16 6 96 63 48 81 8 58 13 87 55 28 75 39 94 52 98 97 78 93 12 92 11 1 60 68 49 36 17 
TEST 171 ARG:94 33 21 74 12 47 89 73 53 87 70 61 75 77 71 63 62 41 22 50 34 54 92 13 38 8 51 43 95 1 3 23 56 7 80 27 52 46 6 5 20 81 42 83 10 90 85 60 36 57 91 79 76 55 99 84 44 25 39 26 65 37 2 40 35 82 88 9 0 72 93 66 49 11 64 69 58 48 14 86 19 31 32 18 28 97 15 96 98 4 30 17 24 59 29 78 68 45 67 16 
TEST 172 ARG:82 73 66 5 37 11 91 87 80 20 95 57 86 28 4 53 7 35 9 24 93 68 47 26 3 18 54 71 67 92 89 51 33 38 42 44 69 78 83 94 34 75 56 22 39 40 17 43 55 16 99 61 59 1 60 36 27 2 49 30 41 62 52 6 32 90 77 0 85 29 23 48 31 72 98 25 58 76 50 74 88 12 19 97 46 15 64 70 96 84 45 10 13 14 79 63 8 21 81 65 
TEST 173 ARG:17 65 57 94 89 50 52 93 41 56 76 73 29 46 10 64 68 4 9 67 22 19 7 88 54 61 95 58 48 0 97 55 70 78 72 82 71 98 91 44 60 8 83 62 18 36 21 77 79 24 30 26 87 99 12 90 92 14 20 28 75 11 27 66 37 23 13 84 86 31 38 33 80 69 59 51 35 6 16 74 81 40 49 25 43 63 96 5 32 47 2 1 3 34 15 85 39 53 45 42 
TEST 174 ARG:85 81 24 37 57 3 25 60 2 34 7 61 66 31 35 16 97 13 44 9 65 95 21 84 18 38 54 15 62 99 45 92 1 89 82 51 27 52 28 70 42 53 58 19 14 43 90 5 39 49 76 8 88 22 68 30 0 75 73 79 98 72 6 63 78 87 71 26 59 91 11 96 50 41 80 48 83 56 20 29 55 86 46 12 93 77 23 4 32 40 94 33 17 47 10 67 69 36 64 74 
TEST 175 ARG:8 64 3 57 53 93 25 38 76 29 22 6 20 95 13 52 40 27 51 61 78 71 85 17 16 58 26 86 35 68 56 77 80 4 99 82 2 89 79 43 67 62 94 11 55 92 7 10 28 18 73 47 44 24 54 34 45 1 69 60 41 19 97 23 39 84 14 50 36 66 9 81 21 31 96 49 74 90 75 98 37 46 30 63 72 65 87 33 91 12 42 48 59 15 70 0 83 5 32 88 
TEST 176 ARG:64 17 39 32 7 69 60 29 67 62 10 95 12 16 78 34 53 85 61 1 92 23 27 26 8 36 75 50 80 46 33 35 72 74 68 18 22 90 6 86 40 98 66 65 82 13 76 41 57 0 2 99 20 91 9 96 93 28 43 83 37 97 54 63 51 84 45 30 94 55 3 47 77 73 89 38 15 42 87 52 31 48 59 49 14 79 88 70 24 19 25 21 71 4 58 44 56 81 5 11 
